[
    {
        "x": [
            946741777,
            946741778,
            946741779,
            946741780,
            946741781,
            946741782,
            946741783,
            946741784,
            946741785,
            946741786,
            946741787,
            946741788,
            946741789,
            946741790,
            946741791,
            946741792,
            946741793,
            946741794,
            946741795,
            946741796,
            946741797,
            946741798,
            946741799,
            946741801,
            946741802,
            946741803,
            946741804,
            946741805,
            946741806,
            946741807,
            946741808,
            946741809,
            946741810,
            946741811,
            946741812,
            946741813,
            946741814,
            946741815,
            946741816,
            946741817,
            946741818,
            946741819,
            946741820,
            946741821,
            946741822,
            946741823,
            946741824,
            946741825,
            946741826,
            946741827,
            946741828,
            946741829,
            946741830,
            946741831,
            946741832,
            946741833,
            946741834,
            946741835,
            946741836,
            946741837,
            946741838,
            946741839,
            946741840,
            946741841,
            946741842,
            946741843,
            946741844,
            946741845,
            946741846,
            946741847,
            946741848,
            946741849,
            946741850,
            946741851,
            946741852,
            946741853,
            946741854,
            946741855,
            946741856,
            946741857,
            946741858,
            946741859,
            946741860
        ],
        "y": [
            69.481597,
            69.714508,
            69.675841,
            69.598055,
            69.403811,
            69.753418,
            74.712648,
            72.675109,
            73.73157,
            76.960449,
            75.42038,
            76.604247,
            76.446047,
            77.039552,
            77.475467,
            77.634339,
            78.907657,
            80.14801,
            80.348845,
            81.35541,
            81.153479,
            80.589876,
            78.548827,
            77.277284,
            76.327639,
            75.381045,
            74.359102,
            73.06601,
            69.054446,
            63.513842,
            58.892107,
            55.210147,
            52.518282,
            50.398135,
            48.863788,
            47.969499,
            47.152114,
            46.371875,
            45.628753,
            45.297408,
            45.048232,
            44.715576,
            44.340057,
            44.340057,
            44.548798,
            45.338931,
            42.954683,
            42.489519,
            42.065234,
            43.165622,
            46.083374,
            47.765594,
            43.79602,
            42.489519,
            42.15004,
            41.937561,
            41.724658,
            42.107635,
            42.743301,
            49.066377,
            53.630099,
            53.867617,
            54.539766,
            55.170822,
            55.643234,
            56.232543,
            56.781631,
            60.760012,
            62.312379,
            61.575408,
            63.358932,
            63.397598,
            64.172363,
            65.256715,
            65.10181,
            65.218019,
            67.464294,
            68.549957,
            67.464294,
            67.115602,
            67.231812,
            67.270722,
            67.348266
        ],
        "type": "scatter",
        "uid": "a470d1"
    }
]