[home](index.html)

[shape set map](maps/shapes)

[action geometry scroll](scrolls/actiongeometry.md)

## Geometron Shape Set

![](shapeset.svg)

This is the shape stack used to create the shapes:

<pre>
[
    "0220:0313,0304,0336,0332,0337,0342,0336,0333,0330,0334,0337,0342,0335,0336,0331,0332,0333,0336,0332,0337,0342,0336,0333,0334,0333,0337,0342,0335,0336,0331,0336,0332,0337,0342,0336,0333,0330,0334,0337,0342,0335,0336,0331,0336,0332,0337,0342,0336,0333,0330,0334,0337,0342,0335,0336,0331,0336,0332,0337,0342,0336,0333,0330,0334,0337,0342,0335,0336,0331,0337,0337,0337,0337,0337,0336,0336,0336,0336,0336,0336,0332,0337,0342,0336,0333,0334,0333,0337,0342,0335,0336,0331,0337,0337,0337,0337,0337,0337,0332,0336,0336,0336,0330,0336,0333,0330,0337,0336,0333,0337,01304,01313,0331,0331,0333,0333,0333,0333,0333,0336,0330,0337,0337,0337,0337,",
    "0221:0304,0334,0306,0336,0330,0335,0201,0335,0335,0201,0335,0335,0201,0335,0304,0335,0336,0330,0336,0331,0332,0330,0336,0333,0337,01306,0331,0331,0336,0332,0337,0337,0337,0333,0337,",
    "0222:0350,0335,0310,0336,0201,0334,0334,0334,0336,0201,0335,0335,0335,0336,0201,0334,0334,0334,0336,0201,0335,0335,0335,0336,0201,0334,0334,0334,0336,0201,0335,0335,0335,0336,0201,0334,0334,0334,0336,0201,0335,0335,0335,0336,0201,0334,0334,0330,0335,0337,0337,0337,0337,0337,0337,0337,0337,0337,0331,0304,0313,0336,0330,0333,0336,0331,0336,0331,0332,0336,0332,0337,01304,01350,01310,0331,0331,0332,0332,0332,0332,0330,0332,0336,0332,0337,0337,0337,0337,",
    "0223:0304,0335,0330,0334,0334,0306,0350,0335,0312,0336,0313,0337,0330,0334,0334,0334,0334,0313,0336,0330,0334,0334,0334,0334,0334,0334,0330,0335,0335,0335,0335,0312,0335,0312,0336,0313,0337,0201,0335,0335,0335,0335,0335,0312,0336,0201,0334,0334,0334,0334,0334,0336,0201,0335,0335,0335,0335,0335,0336,0201,0334,0334,0334,0334,0334,0334,0335,0336,0201,0331,0335,0334,0334,0337,0330,0335,0337,0331,0334,0337,0330,0335,0337,0331,0334,0337,0330,0334,0313,0336,0312,0337,0331,0334,0334,0334,0313,0304,0313,0336,0336,0330,0333,0333,0336,0331,0332,0336,0331,0337,01312,0331,0332,0332,0332,0332,0336,0330,0337,0337,0337,0337,",
    "0224:0304,0313,0335,0311,0305,0350,0330,0334,0334,0334,0334,0336,0330,0334,0334,0330,0335,0337,0335,0335,0335,0335,0336,0330,0335,0335,0335,0336,0201,0334,0334,0334,0336,0201,0335,0335,0335,0336,0201,0334,0334,0334,0336,0201,0335,0335,0335,0336,0201,0334,0334,0334,0336,0201,0335,0335,0335,0334,0330,0334,0337,0337,0337,0337,0337,0337,0336,0331,0334,0334,0334,0330,0335,0335,0337,0331,0335,0304,0337,0334,0313,0336,0336,0336,0333,0333,0333,0336,0330,0332,0337,0336,0336,0331,0332,0337,0337,01305,01311,0331,0332,0332,0332,0332,0336,0330,0336,0330,0332,0337,0337,0337,0337,0337,",
    "0225:0313,0304,0335,0305,0311,0334,0336,0330,0335,0337,0350,0335,0330,0335,0335,0335,0335,0330,0335,0335,0335,0336,0335,0201,0335,0335,0335,0335,0336,0201,0334,0334,0334,0334,0201,0335,0335,0335,0335,0336,0201,0334,0334,0334,0334,0201,0335,0335,0335,0335,0336,0201,0334,0334,0334,0334,0201,0335,0335,0335,0335,0336,0201,0334,0334,0334,0334,0201,0335,0335,0335,0335,0336,0201,0334,0334,0334,0334,0201,0335,0335,0335,0335,0336,0201,0334,0334,0334,0334,0201,0335,0335,0335,0335,0336,0201,0334,0334,0334,0337,0330,0337,0337,0337,0337,0337,0337,0337,0331,0304,0334,0313,",
    "0226:0313,0304,0335,0306,0350,0312,0330,0334,0334,0334,0334,0334,0336,0330,0334,0334,0330,0331,0334,0336,0342,0334,0334,0342,0330,0334,0336,0331,0342,0335,0335,0335,0335,0342,0334,0336,0342,0334,0334,0342,0330,0334,0336,0331,0342,0335,0335,0335,0335,0342,0334,0336,0342,0334,0334,0342,0334,0337,0330,0335,0337,0331,0334,0337,0330,0335,0337,0331,0313,0336,0312,0335,0337,0342,0330,0335,0335,0335,0337,0330,0335,0335,0335,0313,0337,0304,0313,",
    "0227:0331,0220,0333,0332,0222,0333,0330,0332,0335,0335,0332,0223,0335,0335,0221,0312,0336,0331,0306,0334,0313,0337,0330,0335,0304,0335,0335,0336,0312,0337,0313,0304,0330,0335,0330,0335,0330,0335,0330,0334,0331,0335,0330,0334,0334,0350,0310,0337,0335,0330,0336,0335,0304,0335,0306,0334,0330,0335,0335,0330,0335,0335,0330,0335,0335,0304,0334,0226,0335,0306,0350,0334,0312,0336,0330,0335,0335,0330,0331,0334,0334,0331,0337,0313,0304,0332,0225,0335,0305,0334,0311,0336,0330,0335,0350,0335,0337,0304,0334,0224,0335,0305,0350,0334,0311,0336,0330,0335,0335,0335,0335,0335,0304,0305,0330,0334,0334,0311,0337,0330,0335,0335,0304,0335,0313,",
    "0230:0331,0200,0335,0201,0334,0334,0350,0335,0310,0337,0201,0335,0304,0335,0336,0201,0335,0312,0336,0201,0335,0306,0350,0335,0313,0337,0201,0334,0313,0336,0312,0337,0304,0335,0335,0306,0334,0201,0335,0335,0342,0335,0350,0335,0312,0336,0201,0334,0334,0201,0335,0335,0335,0337,0313,0304,0335,0332,0335,0305,0334,0311,0336,0201,0335,0350,0335,0337,0342,0334,0336,0201,0335,0335,0201,0335,0335,0335,0337,0313,0304,0335,",
    "0231:0350,0310,0362,0203,0335,0335,0203,0335,0335,0335,0337,0203,0363,0324,0334,0334,0334,0336,0362,0203,0335,0334,0334,0337,0203,0334,0334,0334,0334,0335,0336,0203,0334,0337,0203,0363,0335,0320,0336,0331,0335,0335,0335,0337,0362,0203,0335,0335,0335,0336,0203,0335,0335,0203,0363,0331,0304,0335,0313,",
    "0232:0336,0336,0336,0336,0336,0362,0203,0337,0203,0306,0334,0337,0203,0335,0335,0203,0203,0334,0334,0203,0203,0335,0335,0203,0203,0334,0334,0203,0203,0335,0335,0203,0203,0334,0334,0203,0335,0203,0336,0336,0203,0304,0337,0337,0337,0337,0337,0364,",
    "0233:0336,0336,0362,0203,0336,0203,0334,0364,0337,0330,0335,0335,0337,0342,0336,0330,0332,0331,0337,0342,0336,0330,0334,0336,0362,0203,0337,0203,0335,0364,0335,0337,0337,0335,0335,",
    "0234:0336,0366,0330,0333,0333,0336,0331,0337,0367,0335,0335,0366,0331,0333,0333,0367,0335,0335,0337,",
    "0235:0313,0336,0314,0336,0313,0337,0234,0234,0234,0234,0314,0337,0313,",
    "0236:0336,0336,0336,0336,0347,0337,0337,0337,0337,",
    "0237:0246,0331,0332,0331,0246,0330,0333,0331,0331,0333,0246,0332,0330,",
    "0240:0304,0313,0200,0336,0332,0350,0335,0310,0337,0304,0313,",
    "0241:0350,0310,0336,0334,0304,0313,0333,0337,",
    "0242:0240,0240,0240,0240,0240,0240,0240,0240,0241,0241,0241,0241,0241,0241,0241,0241,",
    "0243:0306,0201,0335,0335,0201,0335,0335,0201,0336,0331,0335,",
    "0244:0305,0322,0311,0350,0362,0203,0335,0203,0335,0335,0335,0335,0203,0335,0203,0363,0320,0335,0335,0335,0335,0362,0203,0335,0203,0335,0335,0335,0335,0203,0335,0203,0354,0335,0335,0335,0335,",
    "0245:0326,0305,0350,0311,0362,0203,0335,0335,0203,0335,0335,0335,0203,0335,0335,0203,0363,0320,0335,0335,0335,0362,0203,0335,0335,0203,0335,0335,0335,0203,0335,0335,0203,0354,0335,0335,0335,",
    "0246:0306,0322,0362,0203,0334,0203,0334,0334,0203,0334,0203,0334,0363,0334,0325,0362,0203,0335,0203,0335,0335,0203,0335,0203,0363,0335,0335,0330,0326,0334,0362,0203,0335,0335,0203,0335,0203,0335,0335,0203,0363,0320,0335,0201,0335,0335,0201,0335,0201,0335,0335,0201,0334,0201,0335,0335,0201,0335,0201,0335,0333,0201,0335,0335,0201,0335,0201,0335,0335,0330,0331,0314,",
    "0247:0330,0336,0336,0336,0331,01300,01301,01302,01303,01304,01305,01306,01307,0337,0337,0337,0332,0336,0336,0336,0331,01310,01311,01312,01313,01314,01315,01316,01317,0337,0337,0337,0332,0336,0336,0336,0331,01320,01321,01322,01323,01324,01325,01326,01327,0337,0337,0337,0332,0336,0336,0336,0331,01330,01331,01332,01333,01334,01335,01336,01337,0337,0337,0337,0332,0336,0336,0336,0331,01340,01341,01342,01343,01344,01345,01346,01347,0337,0337,0337,0332,0336,0336,0336,0331,01350,01351,01352,01353,01354,01355,01356,01357,0337,0337,0337,0332,0336,0336,0336,0331,01360,01361,01362,01363,01364,01365,01366,01367,0337,0337,0337,0332,0336,0336,0336,0331,01370,01371,01372,01373,01374,01375,01376,01377,0337,0337,0337,0332,",
    "01220:0333,0200,0336,0330,0332,0336,0331,0333,0337,0220,0336,0331,0333,0337,0337,0320,",
    "01221:0333,0200,0336,0330,0332,0331,0336,0333,0330,0337,0221,0336,0331,0333,0337,0337,",
    "01222:0333,0200,0336,0330,0332,0336,0331,0333,0337,0332,0222,0333,0336,0333,0331,0337,0337,",
    "01223:0333,0200,0336,0336,0330,0332,0337,0223,0336,0331,0333,0337,0337,0320,",
    "01224:0333,0200,0336,0332,0330,0224,0333,0331,0337,",
    "01225:0333,0200,0336,0336,0332,0332,0330,0337,0225,0304,0333,0331,0336,0330,0337,0337,",
    "01226:0333,0200,0336,0330,0332,0332,0337,0226,0336,0331,0336,0333,0330,0333,0333,0331,0333,0337,0337,",
    "01227:0333,0200,0336,0330,0332,0210,0227,0211,0331,0333,0337,",
    "01230:0333,0200,0336,0330,0332,0336,0230,0337,0331,0333,0337,",
    "01231:0333,0200,0336,0330,0332,0336,0331,0332,0336,0330,0337,0231,0331,0333,0336,0331,0337,0337,0337,",
    "01232:0333,0200,0336,0330,0332,0331,0336,0330,0337,0232,0336,0330,0337,0333,0337,0331,",
    "01233:0333,0200,0336,0332,0336,0330,0337,0233,0336,0330,0333,0333,0337,0337,0331,",
    "01234:0333,0200,0336,0330,0332,0336,0331,0337,0234,0336,0330,0336,0330,0337,0337,0333,0337,0331,",
    "01235:0333,0200,0336,0332,0336,0330,0337,0235,0336,0330,0337,0333,0337,0331,",
    "01236:0333,0200,0336,0330,0332,0336,0342,0335,0342,0335,0342,0335,0342,0335,0337,0236,0331,0333,0337,",
    "01237:0333,0200,0336,0330,0332,0336,0237,0313,0337,0304,0313,0331,0333,0337,",
    "01240:0333,0200,0336,0330,0332,0336,0331,0333,0337,0240,0240,0241,0241,0336,0331,0333,0337,0337,",
    "01241:0333,0200,0336,0330,0332,0336,0331,0333,0337,0240,0240,0241,0241,0336,0330,0332,0336,0334,0330,0337,0201,0336,0336,0306,0350,0335,0335,0335,0336,0362,0203,0334,0334,0334,0334,0337,0203,0334,0334,0334,0334,0203,0334,0334,0334,0334,0336,0203,0363,0313,0304,0337,0337,0332,0337,0337,0331,0337,0333,",
    "01242:0333,0200,0242,",
    "01243:0333,0200,0336,0330,0332,0336,0331,0337,0306,0201,0335,0335,0201,0335,0335,0201,0335,0335,0313,0304,0336,0331,0333,0333,0337,0337,",
    "01244:0333,0200,0336,0330,0332,0336,0331,0337,0244,0313,0304,0336,0331,0337,0333,0337,",
    "01245:0333,0200,0336,0330,0332,0336,0331,0337,0245,0313,0304,0336,0331,0337,0333,0337,",
    "01246:0333,0200,0336,0330,0332,0336,0331,0246,0313,0331,0313,0304,0333,0333,0337,0337,",
    "01247:0247,0333,"
  ]
</pre>

From that the two actions 0227 and 0230 are the inside etch patterns and the outline, respectively.  Making a symbol with these in two layers can be done by pasting the following glyph into the glyph input in [symbol.html](symbol.html):

<pre>
0227,0322,0230,
</pre>

This creates a full set of the seven basic Geometron shapes.  The set should be printed with 6 inches total width in the laser cutter.  This will make 3 inches the base unit for all the shapes. The shapes are:

- square of side 3 inches
- equilateral triangle of side 3 inches
- Golden Triangle(isosceles 36 degree) with longer side 3 inches(shorter side 3 divided by the Golden Ratio)
- Golden Gnomon(isosceles 108 degree) with longer side 3 inches(shorter side 3 divided by the Golden Ratio)
- Isosceles right triangle with legs 3 inches and base 3 inches times the square root of two
- Isosceles 120 degree triangle with base of 3 inches and legs 3 inches over the square root of three
- 30-60-90 right triangle, with longer leg 3 inches, shorter leg 3 inches divided by the square root of three, and the hypotenuse equal to 3 inches times two divided by the square root of three

1/8 inch neon green acrylic is highly recommended.  Laser cut on demand can be found at [www.ponoko.com](https://www.ponoko.com).



